Power of Two	Thread Size	Time(msec)
1		1		0.014061
2		1		0.008852
3		1		0.006339
4		1		0.005018
5		1		0.004749
6		1		0.004296
7		1		0.004016
8		1		0.003878
9		1		0.003792
10		1		0.003880
11		1		0.003722
12		1		0.003860
13		1		0.003768
14		1		0.003835
15		1		0.003907
16		1		0.003735
17		1		0.003692
18		1		0.003789
19		1		0.003755
20		1		0.003792
Power of Two	Thread Size	Time(msec)
1		2		0.046192
2		2		0.021184
3		2		0.011236
4		2		0.007970
5		2		0.006576
6		2		0.005485
7		2		0.004840
8		2		0.004688
9		2		0.004156
10		2		0.004075
11		2		0.004033
12		2		0.003975
13		2		0.003957
14		2		0.004000
15		2		0.004066
16		2		0.004089
17		2		0.004077
18		2		0.004047
19		2		0.004055
20		2		0.004292
Power of Two	Thread Size	Time(msec)
1		3		0.055947
2		3		0.026769
3		3		0.013568
4		3		0.009015
5		3		0.007516
6		3		0.006790
7		3		0.005713
8		3		0.005207
9		3		0.005206
10		3		0.005184
11		3		0.005186
12		3		0.005115
13		3		0.005139
14		3		0.005133
15		3		0.005126
16		3		0.005112
17		3		0.004901
18		3		0.004841
19		3		0.004092
20		3		0.004442
Power of Two	Thread Size	Time(msec)
1		4		0.072847
2		4		0.034531
3		4		0.017477
4		4		0.010657
5		4		0.009371
6		4		0.007621
7		4		0.006900
8		4		0.006690
9		4		0.006756
10		4		0.006747
11		4		0.006719
12		4		0.006673
13		4		0.006682
14		4		0.006635
15		4		0.006642
16		4		0.006599
17		4		0.006527
18		4		0.006528
19		4		0.004063
20		4		0.004142
Power of Two	Thread Size	Time(msec)
1		5		0.078176
2		5		0.037470
3		5		0.019002
4		5		0.012943
5		5		0.010876
6		5		0.009265
7		5		0.008498
8		5		0.008420
9		5		0.008476
10		5		0.008406
11		5		0.008398
12		5		0.008379
13		5		0.008332
14		5		0.008276
15		5		0.008287
16		5		0.007941
17		5		0.007536
18		5		0.006622
19		5		0.004140
20		5		0.004061
Power of Two	Thread Size	Time(msec)
1		6		0.086306
2		6		0.041527
3		6		0.021747
4		6		0.014244
5		6		0.012335
6		6		0.010662
7		6		0.010092
8		6		0.010058
9		6		0.010080
10		6		0.010068
11		6		0.010078
12		6		0.010065
13		6		0.009873
14		6		0.009890
15		6		0.009678
16		6		0.009316
17		6		0.007920
18		6		0.006616
19		6		0.004161
20		6		0.004406
Power of Two	Thread Size	Time(msec)
1		7		0.095599
2		7		0.045617
3		7		0.024514
4		7		0.015990
5		7		0.013561
6		7		0.012077
7		7		0.011432
8		7		0.011187
9		7		0.010922
10		7		0.011397
11		7		0.011596
12		7		0.011176
13		7		0.011256
14		7		0.010886
15		7		0.010800
16		7		0.010971
17		7		0.010710
18		7		0.006755
19		7		0.004264
20		7		0.004232
Power of Two	Thread Size	Time(msec)
1		8		0.095001
2		8		0.039103
3		8		0.022678
4		8		0.015091
5		8		0.013544
6		8		0.011319
7		8		0.010560
8		8		0.010885
9		8		0.010617
10		8		0.011161
11		8		0.010718
12		8		0.010513
13		8		0.010891
14		8		0.010614
15		8		0.010425
16		8		0.008627
17		8		0.008409
18		8		0.006849
19		8		0.004970
20		8		0.004228
Power of Two	Thread Size	Time(msec)
1		9		0.089779
2		9		0.045633
3		9		0.023193
4		9		0.016078
5		9		0.013725
6		9		0.012395
7		9		0.011632
8		9		0.011422
9		9		0.011138
10		9		0.011079
11		9		0.011614
12		9		0.010981
13		9		0.010400
14		9		0.010602
15		9		0.010584
16		9		0.010591
17		9		0.009465
18		9		0.007019
19		9		0.004348
20		9		0.004148
Power of Two	Thread Size	Time(msec)
1		10		0.092329
2		10		0.047996
3		10		0.026389
4		10		0.017199
5		10		0.014439
6		10		0.013005
7		10		0.012297
8		10		0.012378
9		10		0.012603
10		10		0.012312
11		10		0.012262
12		10		0.012322
13		10		0.011878
14		10		0.011210
15		10		0.011444
16		10		0.010943
17		10		0.010959
18		10		0.006700
19		10		0.004348
20		10		0.004177
Power of Two	Thread Size	Time(msec)
1		11		0.097155
2		11		0.048507
3		11		0.027031
4		11		0.016983
5		11		0.014437
6		11		0.013098
7		11		0.012849
8		11		0.012531
9		11		0.011913
10		11		0.011725
11		11		0.012615
12		11		0.012358
13		11		0.011771
14		11		0.011589
15		11		0.011156
16		11		0.011273
17		11		0.010943
18		11		0.006492
19		11		0.004385
20		11		0.004222
Power of Two	Thread Size	Time(msec)
1		12		0.097016
2		12		0.048121
3		12		0.026366
4		12		0.016856
5		12		0.014669
6		12		0.013019
7		12		0.012886
8		12		0.012782
9		12		0.012754
10		12		0.012390
11		12		0.012332
12		12		0.012327
13		12		0.011817
14		12		0.011212
15		12		0.011743
16		12		0.011722
17		12		0.010221
18		12		0.006969
19		12		0.004596
20		12		0.004335
Power of Two	Thread Size	Time(msec)
1		13		0.095097
2		13		0.046881
3		13		0.025624
4		13		0.016776
5		13		0.014556
6		13		0.012811
7		13		0.012555
8		13		0.011502
9		13		0.012497
10		13		0.012637
11		13		0.012310
12		13		0.011356
13		13		0.011986
14		13		0.011727
15		13		0.012098
16		13		0.012124
17		13		0.012390
18		13		0.006959
19		13		0.004516
20		13		0.004407
Power of Two	Thread Size	Time(msec)
1		14		0.095234
2		14		0.049510
3		14		0.027135
4		14		0.017073
5		14		0.014861
6		14		0.012882
7		14		0.012019
8		14		0.012495
9		14		0.012640
10		14		0.012201
11		14		0.012989
12		14		0.012719
13		14		0.012119
14		14		0.012147
15		14		0.012073
16		14		0.012358
17		14		0.012283
18		14		0.006867
19		14		0.004525
20		14		0.004433
Power of Two	Thread Size	Time(msec)
1		15		0.098545
2		15		0.047904
3		15		0.026378
4		15		0.017787
5		15		0.014772
6		15		0.013298
7		15		0.012806
8		15		0.012284
9		15		0.012534
10		15		0.012911
11		15		0.013054
12		15		0.012853
13		15		0.012605
14		15		0.012066
15		15		0.012444
16		15		0.012461
17		15		0.012175
18		15		0.006886
19		15		0.004537
20		15		0.004401
Power of Two	Thread Size	Time(msec)
1		16		0.096332
2		16		0.047998
3		16		0.026505
4		16		0.017971
5		16		0.014108
6		16		0.012859
7		16		0.012412
8		16		0.012752
9		16		0.012674
10		16		0.012264
11		16		0.012778
12		16		0.012150
13		16		0.012920
14		16		0.012718
15		16		0.012315
16		16		0.011925
17		16		0.012546
18		16		0.006949
19		16		0.004590
20		16		0.004488
Power of Two	Thread Size	Time(msec)
1		17		0.098517
2		17		0.047537
3		17		0.027257
4		17		0.017482
5		17		0.014635
6		17		0.013355
7		17		0.013053
8		17		0.013087
9		17		0.012709
10		17		0.012238
11		17		0.012688
12		17		0.012304
13		17		0.012550
14		17		0.012328
15		17		0.012213
16		17		0.012364
17		17		0.012199
18		17		0.006982
19		17		0.004687
20		17		0.004527
Power of Two	Thread Size	Time(msec)
1		18		0.099065
2		18		0.047917
3		18		0.027539
4		18		0.018023
5		18		0.014624
6		18		0.012966
7		18		0.013166
8		18		0.012359
9		18		0.013329
10		18		0.013201
11		18		0.013180
12		18		0.012318
13		18		0.012855
14		18		0.012343
15		18		0.012593
16		18		0.012443
17		18		0.012420
18		18		0.007068
19		18		0.004646
20		18		0.004624
Power of Two	Thread Size	Time(msec)
1		19		0.098255
2		19		0.047800
3		19		0.027448
4		19		0.017854
5		19		0.014586
6		19		0.013167
7		19		0.012774
8		19		0.013296
9		19		0.013185
10		19		0.012776
11		19		0.012545
12		19		0.012535
13		19		0.012080
14		19		0.011701
15		19		0.012342
16		19		0.012725
17		19		0.012521
18		19		0.007101
19		19		0.004754
20		19		0.004637
Power of Two	Thread Size	Time(msec)
1		20		0.098845
2		20		0.049912
3		20		0.027941
4		20		0.017776
5		20		0.014952
6		20		0.013170
7		20		0.012794
8		20		0.012476
9		20		0.012988
10		20		0.012908
11		20		0.013319
12		20		0.012294
13		20		0.013047
14		20		0.012552
15		20		0.012769
16		20		0.012515
17		20		0.012501
18		20		0.007128
19		20		0.004774
20		20		0.004719